#!/usr/bin/env python

import sys
import numpy as np
from scipy.linalg import inv, toeplitz
from toeplitz_decomp import *
from parallel_decom_pading import *
#from parallel_gather_decomposition import *
from mpi4py import MPI
import scipy.io
#This is a simple blocked Toeplitz test. Size of the matrix: 4*4, size of each block: 2*2

#The test matrix must be blocked positive definite

#the real part of the test matrix
a=np.matrix([[1.000000000000000e+02, -1.100000000000000e+01, 5.200000000000000e+01, -4.300000000000000e+01, 1.800000000000000e+01, -4.800000000000000e+01, 2.000000000000000e+00, -1.500000000000000e+01],
       [-1.100000000000000e+01, 1.950000000000000e+02, -2.000000000000000e+00, 6.900000000000000e+01, 4.800000000000000e+01, 1.000000000000000e+01, 2.000000000000000e+01, 1.500000000000000e+01],
       [5.200000000000000e+01, -2.000000000000000e+00, 1.000000000000000e+02, -1.100000000000000e+01, 5.200000000000000e+01, -4.300000000000000e+01, 1.800000000000000e+01, -4.800000000000000e+01],
       [-4.300000000000000e+01, 6.900000000000000e+01, -1.100000000000000e+01, 1.950000000000000e+02, -2.000000000000000e+00, 6.900000000000000e+01, 4.800000000000000e+01, 1.000000000000000e+01],
       [1.800000000000000e+01, 4.800000000000000e+01, 5.200000000000000e+01, -2.000000000000000e+00, 1.000000000000000e+02, -1.100000000000000e+01, 5.200000000000000e+01, -4.300000000000000e+01],
       [-4.800000000000000e+01, 1.000000000000000e+01, -4.300000000000000e+01, 6.900000000000000e+01, -1.100000000000000e+01, 1.950000000000000e+02, -2.000000000000000e+00, 6.900000000000000e+01],
       [2.000000000000000e+00, 2.000000000000000e+01, 1.800000000000000e+01, 4.800000000000000e+01, 5.200000000000000e+01, -2.000000000000000e+00, 1.000000000000000e+02, -1.100000000000000e+01],
       [-1.500000000000000e+01, 1.500000000000000e+01, -4.800000000000000e+01, 1.000000000000000e+01, -4.300000000000000e+01, 6.900000000000000e+01, -1.100000000000000e+01, 1.950000000000000e+02]])

#the imaginary part
a=a+1.0j*np.matrix([[-0.000000000000000e+00, -1.000000000000000e+00, 4.000000000000000e+00, 2.300000000000000e+01, -3.000000000000000e+00, 1.000000000000000e+00, 2.000000000000000e+00, -3.000000000000000e+00],
       [1.000000000000000e+00, -0.000000000000000e+00, 2.600000000000000e+01, 1.200000000000000e+01, 2.100000000000000e+01, -2.400000000000000e+01, 2.400000000000000e+01, -1.400000000000000e+01],
       [-4.000000000000000e+00, -2.600000000000000e+01, -0.000000000000000e+00, -1.000000000000000e+00, 4.000000000000000e+00, 2.300000000000000e+01, -3.000000000000000e+00, 1.000000000000000e+00],
       [-2.300000000000000e+01, -1.200000000000000e+01, 1.000000000000000e+00, -0.000000000000000e+00, 2.600000000000000e+01, 1.200000000000000e+01, 2.100000000000000e+01, -2.400000000000000e+01],
       [3.000000000000000e+00, -2.100000000000000e+01, -4.000000000000000e+00, -2.600000000000000e+01, -0.000000000000000e+00, -1.000000000000000e+00, 4.000000000000000e+00, 2.300000000000000e+01],
       [-1.000000000000000e+00, 2.400000000000000e+01, -2.300000000000000e+01, -1.200000000000000e+01, 1.000000000000000e+00, -0.000000000000000e+00, 2.600000000000000e+01, 1.200000000000000e+01],
       [-2.000000000000000e+00, -2.400000000000000e+01, 3.000000000000000e+00, -2.100000000000000e+01, -4.000000000000000e+00, -2.600000000000000e+01, -0.000000000000000e+00, -1.000000000000000e+00],
       [3.000000000000000e+00, 1.400000000000000e+01, -1.000000000000000e+00, 2.400000000000000e+01, -2.300000000000000e+01, -1.200000000000000e+01, 1.000000000000000e+00, -0.000000000000000e+00]])

b=2
pad=1
n=a.shape[0]/b
l=toeplitz_blockschur(a,b,pad)
#l=block_toeplitz_par(a,b,pad)
comm = MPI.COMM_WORLD
rank = comm.Get_rank()
size  = comm.Get_size()
if rank==0:
	#result = np.dot(np.conj(l[:,1]),l[:,1])
	print l[:,14:16]
	#print("Consistency check, these numbers should be small:",np.sum(A_orig-result[0:n*b,0:n*b]))
	#print("Consistency check, these numbers should be small:",np.sum(Z_orig-result))
